[(0.4, 3.6), (1.2, 3.8), (1.5, 3.9), (2.1, 4.0), (2.7, 4.2), (3.3, 4.4), (5.9, 4.6), (6.25, 4.8)]
[(0.4, 3.6), (1.2, 3.8), (1.5, 3.7), (2.0, 3.9), (2.5, 4.0), (2.7, 4.1), (3.2, 4.2), (3.6, 4.3), (5.8, 4.5), (6.0, 4.6), (6.25, 4.8)]
[(0.4, 3.6), (1.2, 3.8), (1.5, 3.7), (2.0, 3.9), (2.2, 4.0), (2.5, 4.1), (3.2, 4.2), (3.6, 4.3), (3.8, 4.4), (5.6, 4.5), (5.8, 4.6), (6.0, 4.7), (6.25, 4.8)]
[(0.4, 3.6), (1.2, 3.8), (1.5, 3.7), (1.9, 3.4), (2.0, 3.2), (2.5, 3.1), (3.2, 4.2), (3.6, 4.3), (3.8, 4.4), (4.2, 4.5), (4.7, 4.0), (5.2, 4.1), (5.6, 4.5), (5.8, 4.6), (6.0, 4.7), (6.25, 4.8)]
[(0.4, 3.6), (1.2, 3.8), (1.5, 3.7), (1.9, 3.4), (2.0, 3.2), (2.4, 3.1), (2.8, 3.2), (3.4, 3.6), (3.7, 3.5), (3.8, 3.9), (4.2, 4.0), (4.7, 4.5), (5.1, 4.7), (5.5, 4.8), (5.6, 4.5), (6.0, 4.7), (6.25, 4.8)]
[(0.4, 3.6), (1.2, 3.8), (1.5, 3.7), (1.9, 3.4), (2.0, 3.2), (2.1, 2.9), (2.2, 2.8), (2.6, 3.1), (2.8, 3.2), (3.2, 3.5), (3.4, 3.6), (3.7, 3.5), (3.8, 3.9), (4.0, 4.1), (4.2, 4.0), (4.6, 4.5), (4.7, 4.5), (4.8, 4.7), (5.0, 4.8), (5.2, 5.0), (5.5, 4.8), (5.6, 4.5), (5.9, 4.7), (6.0, 4.7), (6.25, 4.8)]
[(0.4, 3.6), (1.2, 3.8), (1.5, 3.7), (1.9, 3.4), (2.0, 3.2), (2.1, 2.9), (2.2, 2.8), (2.4, 2.6), (2.6, 3.1), (2.7, 2.9), (2.8, 2.7), (3.0, 3.5), (3.2, 3.6), (3.4, 3.5), (3.7, 3.5), (3.8, 3.9), (4.0, 4.1), (4.1, 4.0), (4.2, 4.0), (4.4, 4.6), (4.6, 4.7), (4.8, 4.7), (5.0, 4.9), (5.2, 5.1), (5.3, 5.0), (5.5, 4.8), (5.6, 4.7), (5.9, 4.9), (6.0, 4.9), (6.25, 4.8)]
[(0.4, 3.6), (1.2, 3.8), (1.5, 3.7), (1.9, 3.4), (2.0, 3.2), (2.1, 2.9), (2.2, 2.8), (2.3, 2.6), (2.5, 2.7), (2.7, 2.9), (2.9, 3.0), (3.1, 3.4), (3.3, 3.5), (3.5, 3.6), (3.8, 3.9), (4.0, 4.0), (4.2, 4.3), (4.4, 4.5), (4.7, 4.8), (4.9, 4.9), (5.1, 4.9), (5.3, 4.8), (5.5, 4.6), (5.7, 4.5), (5.9, 4.8), (6.0, 4.9), (6.25, 4.8)]
[(0.4, 3.6), (1.2, 3.8), (1.5, 3.7), (1.9, 3.4), (2.0, 3.2), (2.1, 2.9), (2.2, 2.8), (2.3, 2.6), (2.5, 2.7), (2.7, 2.9), (3.0, 3.1), (3.2, 3.3), (3.4, 3.5), (3.6, 3.8), (3.9, 4.1), (4.2, 4.3), (4.4, 4.6), (4.7, 4.8), (4.9, 5.0), (5.2, 5.3), (5.5, 5.4), (5.7, 5.5), (5.9, 5.7), (6.0, 4.9), (6.25, 4.8)]
[(0.4, 3.6), (1.2, 3.8), (1.5, 3.7), (1.9, 3.4), (2.0, 3.2), (2.1, 2.9), (2.15, 2.85), (2.2, 2.6), (2.25, 2.65), (2.5, 2.7), (2.55, 2.75), (3.0, 3.1), (3.05, 3.15), (3.2, 3.3), (3.4, 3.5), (3.6, 3.8), (3.65, 3.9), (3.9, 4.1), (4.0, 4.05), (4.2, 4.3), (4.25, 4.35), (4.4, 4.6), (4.45, 4.65), (4.7, 4.8), (4.75, 4.85), (4.9, 5.0), (5.0, 5.05), (5.2, 5.3), (5.25, 5.35), (5.5, 5.4), (5.55, 5.6), (5.7, 5.5), (5.75, 5.65), (5.9, 5.7), (6.0, 4.9), (6.25, 4.8)]
[(0.4, 3.6), (1.2, 3.8), (1.5, 3.7), (2.0, 3.2), (2.1, 2.9), (2.15, 2.85), (2.25, 2.65), (3.0, 3.1), (3.05, 3.15), (3.6, 4.1), (4.0, 4.05), (5.2, 5.3), (5.25, 5.35), (6.0, 4.9)]
[(0.4, 3.6), (1.2, 3.8), (1.5, 3.7), (2.0, 2.9), (2.05, 2.85), (2.15, 2.65), (2.25, 2.55), (2.4, 2.45), (3.0, 3.1), (3.05, 3.15), (3.6, 4.1), (4.0, 4.05), (4.8, 5.1), (5.2, 5.3), (5.25, 5.35), (6.0, 4.9)]
[(0.4, 3.6), (1.2, 3.8), (1.5, 3.9), (1.7, 3.85), (2.0, 2.9), (2.05, 2.85), (2.15, 2.65), (2.25, 2.55), (2.4, 2.45), (2.6, 2.7), (3.2, 3.1), (3.0, 3.5), (3.6, 4.1), (4.0, 4.05), (4.8, 5.1), (5.2, 5.3), (5.35, 5.4), (6.0, 4.9)]
[(0.4, 3.6), (1.2, 3.8), (1.5, 3.9), (1.7, 3.85), (2.0, 3.3), (2.05, 3.15), (2.15, 2.95), (2.25, 2.75), (2.4, 2.6), (2.6, 2.7), (3.2, 3.1), (3.0, 3.5), (3.6, 4.1), (4.0, 4.05), (4.8, 5.1), (5.2, 5.3), (5.35, 5.4), (6.25, 5.0)]
[(0.4, 3.6), (1.2, 3.8), (1.5, 3.9), (1.7, 3.85), (2.0, 3.3), (2.05, 3.15), (2.15, 2.95), (2.25, 2.75), (2.4, 2.6), (2.6, 2.7), (2.8, 3.1), (3.0, 3.5), (3.4, 3.9), (3.6, 4.1), (4.0, 4.05), (4.2, 4.8), (4.5, 5.0), (5.2, 5.3), (5.35, 5.4), (6.25, 5.0)]
[(0.4, 3.6), (1.2, 3.8), (1.5, 3.9), (1.7, 3.85), (2.05, 3.15), (2.15, 2.95), (2.25, 2.75), (2.4, 2.6), (2.6, 2.7), (2.8, 2.9), (3.0, 3.1), (3.1, 3.5), (3.4, 3.9), (3.6, 4.1), (4.0, 4.05), (4.2, 4.8), (4.5, 5.0), (5.0, 5.2), (5.35, 5.45), (6.25, 5.0)]
[(0.4, 3.6), (1.2, 3.8), (1.5, 3.9), (1.7, 3.85), (2.05, 3.15), (2.15, 2.95), (2.25, 2.75), (2.4, 2.6), (2.65, 2.5), (2.8, 2.9), (3.1, 3.0), (3.4, 3.9), (3.7, 4.05), (4.0, 4.0), (4.2, 4.6), (4.5, 4.8), (4.8, 4.95), (5.0, 5.1), (5.35, 5.45), (6.25, 5.0)]
[(0.4, 3.6), (1.2, 3.8), (1.5, 3.9), (1.7, 3.85), (2.05, 3.15), (2.15, 2.95), (2.25, 2.75), (2.4, 2.6), (2.65, 2.5), (2.8, 2.9), (3.1, 3.0), (3.35, 3.7), (3.45, 3.85), (3.55, 3.95), (4.0, 4.0), (4.2, 4.6), (4.5, 4.8), (4.65, 4.9), (5.1, 5.05), (5.35, 5.45), (6.25, 5.0)]
[(0.4, 3.6), (1.2, 3.8), (1.5, 3.9), (1.7, 3.85), (2.05, 3.15), (2.15, 2.95), (2.25, 2.75), (2.4, 2.6), (2.65, 2.5), (2.8, 2.9), (3.1, 3.0), (3.35, 3.7), (3.45, 3.85), (3.55, 3.92), (3.6, 4.05), (4.0, 4.0), (4.2, 4.6), (4.5, 4.8), (4.65, 4.9), (5.1, 5.05), (5.35, 5.45), (6.25, 5.0)]
[(0.4, 3.6), (1.2, 3.8), (1.5, 3.9), (1.7, 3.85), (2.05, 3.15), (2.2, 2.95), (2.25, 2.75), (2.4, 2.6), (2.65, 2.5), (2.8, 2.9), (3.1, 3.0), (3.35, 3.7), (3.45, 3.85), (3.55, 4.05), (3.6, 4.0), (4.0, 4.0), (4.2, 4.6), (4.5, 4.8), (4.65, 4.9), (5.1, 5.05), (5.35, 5.45), (6.25, 4.95), (6.2, 4.85), (6.15, 4.75), (6.0, 4.65), (6.25, 5.0)]
[(0.4, 3.6), (1.2, 3.8), (1.5, 3.9), (1.7, 3.85), (2.05, 3.15), (2.2, 2.95), (2.25, 2.75), (2.4, 2.6), (2.65, 2.5), (2.8, 2.9), (3.1, 3.0), (3.35, 3.7), (3.45, 3.85), (3.55, 3.95), (4.0, 4.2), (4.2, 4.6), (4.5, 4.8), (4.65, 4.9), (5.05, 5.15), (5.35, 5.45), (5.55, 5.65), (6.0, 4.95), (6.1, 4.85), (6.2, 4.75), (6.25, 5.0)]
